Index,Gender,Age,Ethnicity,Height,Weight,BMI,BMI_Class,BMI_Code
0,1,62,3,184.5,94.8,27.8,Overweight,1
1,1,53,3,171.4,90.4,30.8,Obese,2
2,1,78,3,170.1,83.4,28.8,Overweight,1
3,2,56,3,160.9,109.8,42.4,Obese,2
4,2,42,4,164.9,55.2,20.3,Normal,0
5,2,72,1,150.0,64.4,28.6,Overweight,1
6,1,22,4,165.4,76.6,28.0,Overweight,1
7,2,32,1,151.3,64.5,28.2,Overweight,1
8,1,18,5,166.1,72.4,26.2,Overweight,1
9,1,56,4,179.4,108.3,33.6,Obese,2
10,1,46,3,176.7,86.2,27.6,Overweight,1
11,1,45,5,177.8,76.2,24.1,Normal,0
12,2,30,2,163.6,71.2,26.6,Overweight,1
13,2,67,2,164.1,117.8,43.7,Obese,2
............
............
